3 7 5 7 11 17 45 53 255
5 13 3 6 7 9 11 16 17 19 45 73 79 252 255
6 10 5 7 9 11 19 29 39 58 93 255
7 7 3 5 6 9 11 17 255
8 3 11 58 93
9 7 5 6 7 11 17 19 255
11 53 3 5 6 7 8 9 12 14 15 17 18 19 20 22 26 27 28 29 30 33 37 39 40 44 45 49 50 51 52 53 56 58 64 69 74 79 85 86 93 98 99 102 125 154 159 164 200 201 215 237 240 252 255
12 4 11 15 49 102
14 10 11 15 27 49 53 56 69 85 102 201
15 5 11 12 14 49 102
16 4 5 19 58 255
17 10 3 5 7 9 11 19 53 58 252 255
18 9 11 27 58 67 69 93 99 125 255
19 12 5 6 9 11 16 17 39 58 73 79 252 255
20 7 11 30 51 52 74 154 159
22 8 11 26 27 28 44 74 85 86
26 9 11 22 27 28 30 33 51 74 85
27 17 11 14 18 22 26 28 33 52 53 56 69 74 85 86 93 201 255
28 7 11 22 26 27 33 44 85
29 11 6 11 49 53 58 93 102 200 201 215 255
30 15 11 20 26 33 44 51 64 74 85 99 125 154 159 164 240
33 8 11 26 27 28 30 44 51 74
37 9 11 40 64 67 69 98 99 154 164
39 5 6 11 19 58 93
40 10 11 37 50 56 64 69 98 154 164 255
44 7 11 22 28 30 33 51 85
45 4 3 5 11 255
49 8 11 12 14 15 29 53 102 255
50 5 11 40 56 69 98
51 12 11 20 26 30 33 44 52 56 74 85 159 240
52 7 11 20 27 51 56 74 159
53 13 3 11 14 17 27 29 49 85 86 93 102 201 255
56 12 11 14 27 40 50 51 52 69 98 154 159 255
58 17 6 8 11 16 17 18 19 29 39 67 73 93 215 237 251 252 255
64 7 11 30 37 40 154 164 240
67 9 18 37 58 69 99 164 238 251 255
69 14 11 14 18 27 37 40 50 56 67 93 98 99 154 255
73 6 5 19 58 79 237 255
74 9 11 20 22 26 27 30 33 51 52
79 5 5 11 19 73 255
85 14 11 14 22 26 27 28 30 44 51 53 86 102 201 240
86 6 11 22 27 53 85 201
93 14 6 8 11 18 27 29 39 53 58 69 99 125 240 255
98 8 11 37 40 50 56 69 154 159
99 11 11 18 30 37 67 69 93 125 154 164 255
102 12 11 12 14 15 29 49 53 85 200 201 240 255
125 8 11 18 30 93 99 164 240 255
154 11 11 20 30 37 40 56 64 69 98 99 159
159 8 11 20 30 51 52 56 98 154
164 8 11 30 37 40 64 67 99 125
200 5 11 29 102 215 255
201 8 11 14 27 29 53 85 86 102
215 5 11 29 58 200 255
237 5 11 58 73 252 255
238 3 67 251 255
240 9 11 30 51 64 85 93 102 125 255
251 4 58 67 238 255
252 7 5 11 17 19 58 237 255
255 33 3 5 6 7 9 11 16 17 18 19 27 29 40 45 49 53 56 58 67 69 73 79 93 99 102 125 200 215 237 238 240 251 252
